00000_SLOOP	0.3	0.22	0.2
00001_SDGSF	1	0.34	0.19
00002_SSWRC	0.59	0.29	0.29
00003_SSWSF	0.88	0.33	0.33
00004_SLCRC	0.71	0.3	0.3
00005_SLCSF	1.06	0.34	0.34
00006_SMCSF	1.48	0.34	0.34
00007_SBCSF	1.35	0.29	0.32
00008_SDCSF	1.16	0.29	0.32
00009_SIRSF	1.45	0.34	0.33
00010_SINSF	1.43	0.29	0.32
00011_SICPB	1.5	0.3	0.3
00012_SITSF	1.09	0.36	0.35
00013_PCSSF	0.89	0.34	0.33
00014_SDGSF_A	1	0.34	0.19
00015_SDGSF_B	1	0.34	0.19
00016_E-MC04A	1.48	0.34	0.34
00017_E-MC04B	1.48	0.34	0.34
00018_E-IN01C	1.43	0.29	0.32
00019_E-IN01D	1.43	0.29	0.32
