      Acc.(g)          P05          P50          P95        PMEAN
   1.0000E-01   1.0000E+00   1.0000E+00   1.0000E+00   1.0000E+00
   1.1000E-01   1.0000E+00   1.0000E+00   1.0000E+00   1.0000E+00
   1.2000E-01   9.9999E-01   1.0000E+00   1.0000E+00   9.9999E-01
   1.3000E-01   9.9998E-01   1.0000E+00   1.0000E+00   9.9998E-01
   1.4000E-01   9.9994E-01   1.0000E+00   1.0000E+00   9.9996E-01
   1.5000E-01   9.9986E-01   1.0000E+00   1.0000E+00   9.9992E-01
   1.6000E-01   9.9972E-01   1.0000E+00   1.0000E+00   9.9987E-01
   1.7000E-01   9.9947E-01   1.0000E+00   1.0000E+00   9.9978E-01
   1.8000E-01   9.9905E-01   1.0000E+00   1.0000E+00   9.9965E-01
   1.9000E-01   9.9839E-01   1.0000E+00   1.0000E+00   9.9946E-01
   2.0000E-01   9.9740E-01   9.9999E-01   1.0000E+00   9.9921E-01
   2.1000E-01   9.9599E-01   9.9999E-01   1.0000E+00   9.9887E-01
   2.2000E-01   9.9403E-01   9.9998E-01   1.0000E+00   9.9843E-01
   2.3000E-01   9.9142E-01   9.9996E-01   1.0000E+00   9.9787E-01
   2.4000E-01   9.8803E-01   9.9993E-01   1.0000E+00   9.9717E-01
   2.5000E-01   9.8374E-01   9.9988E-01   1.0000E+00   9.9631E-01
   2.6000E-01   9.7844E-01   9.9982E-01   1.0000E+00   9.9528E-01
   2.7000E-01   9.7203E-01   9.9972E-01   1.0000E+00   9.9404E-01
   2.8000E-01   9.6376E-01   9.9959E-01   1.0000E+00   9.9258E-01
   2.9000E-01   9.5463E-01   9.9941E-01   1.0000E+00   9.9089E-01
   3.0000E-01   9.4427E-01   9.9916E-01   1.0000E+00   9.8894E-01
   3.1000E-01   9.3254E-01   9.9882E-01   1.0000E+00   9.8672E-01
   3.2000E-01   9.1945E-01   9.9839E-01   1.0000E+00   9.8420E-01
   3.3000E-01   9.0500E-01   9.9785E-01   9.9999E-01   9.8137E-01
   3.4000E-01   8.8922E-01   9.9713E-01   9.9999E-01   9.7823E-01
   3.5000E-01   8.7216E-01   9.9626E-01   9.9998E-01   9.7475E-01
   3.6000E-01   8.5390E-01   9.9518E-01   9.9998E-01   9.7092E-01
   3.7000E-01   8.3450E-01   9.9385E-01   9.9997E-01   9.6674E-01
   3.8000E-01   8.1405E-01   9.9231E-01   9.9995E-01   9.6220E-01
   3.9000E-01   7.9267E-01   9.9051E-01   9.9993E-01   9.5728E-01
   4.0000E-01   7.7045E-01   9.8840E-01   9.9991E-01   9.5199E-01
   4.1000E-01   7.4750E-01   9.8589E-01   9.9987E-01   9.4632E-01
   4.2000E-01   7.2394E-01   9.8307E-01   9.9983E-01   9.4028E-01
   4.3000E-01   6.9988E-01   9.7991E-01   9.9978E-01   9.3385E-01
   4.4000E-01   6.7564E-01   9.7636E-01   9.9970E-01   9.2704E-01
   4.5000E-01   6.4889E-01   9.7220E-01   9.9962E-01   9.1986E-01
   4.6000E-01   6.2397E-01   9.6753E-01   9.9952E-01   9.1231E-01
   4.7000E-01   5.9933E-01   9.6218E-01   9.9939E-01   9.0439E-01
   4.8000E-01   5.7515E-01   9.5653E-01   9.9923E-01   8.9612E-01
   4.9000E-01   5.5118E-01   9.5046E-01   9.9904E-01   8.8749E-01
   5.0000E-01   5.2749E-01   9.4370E-01   9.9881E-01   8.7853E-01
   5.1000E-01   5.0416E-01   9.3651E-01   9.9855E-01   8.6923E-01
   5.2000E-01   4.8125E-01   9.2832E-01   9.9824E-01   8.5962E-01
   5.3000E-01   4.5665E-01   9.1933E-01   9.9788E-01   8.4970E-01
   5.4000E-01   4.3236E-01   9.0994E-01   9.9746E-01   8.3949E-01
   5.5000E-01   4.0752E-01   9.0037E-01   9.9695E-01   8.2899E-01
   5.6000E-01   3.8364E-01   8.9065E-01   9.9634E-01   8.1824E-01
   5.7000E-01   3.6320E-01   8.8017E-01   9.9569E-01   8.0723E-01
   5.8000E-01   3.4275E-01   8.6915E-01   9.9496E-01   7.9599E-01
   5.9000E-01   3.2275E-01   8.5752E-01   9.9408E-01   7.8453E-01
   6.0000E-01   3.0508E-01   8.4419E-01   9.9316E-01   7.7286E-01
   6.1000E-01   2.8812E-01   8.3116E-01   9.9215E-01   7.6102E-01
   6.2000E-01   2.7186E-01   8.1873E-01   9.9103E-01   7.4900E-01
   6.3000E-01   2.5631E-01   8.0461E-01   9.8967E-01   7.3683E-01
   6.4000E-01   2.4145E-01   7.9027E-01   9.8822E-01   7.2452E-01
   6.5000E-01   2.2728E-01   7.7602E-01   9.8658E-01   7.1209E-01
   6.6000E-01   2.1377E-01   7.6122E-01   9.8483E-01   6.9956E-01
   6.7000E-01   2.0092E-01   7.4420E-01   9.8298E-01   6.8694E-01
   6.8000E-01   1.8871E-01   7.2882E-01   9.8097E-01   6.7425E-01
   6.9000E-01   1.7712E-01   7.1413E-01   9.7878E-01   6.6151E-01
   7.0000E-01   1.6611E-01   6.9740E-01   9.7629E-01   6.4873E-01
   7.1000E-01   1.5547E-01   6.8116E-01   9.7348E-01   6.3592E-01
   7.2000E-01   1.4540E-01   6.6498E-01   9.7069E-01   6.2310E-01
   7.3000E-01   1.3592E-01   6.4837E-01   9.6771E-01   6.1028E-01
   7.4000E-01   1.2711E-01   6.3279E-01   9.6438E-01   5.9749E-01
   7.5000E-01   1.1810E-01   6.1651E-01   9.6077E-01   5.8472E-01
   7.6000E-01   1.0863E-01   5.9993E-01   9.5718E-01   5.7200E-01
   7.7000E-01   9.9289E-02   5.8277E-01   9.5337E-01   5.5934E-01
   7.8000E-01   9.0999E-02   5.6449E-01   9.4933E-01   5.4675E-01
   7.9000E-01   8.4284E-02   5.4759E-01   9.4501E-01   5.3423E-01
   8.0000E-01   7.8447E-02   5.3041E-01   9.4024E-01   5.2181E-01
   8.1000E-01   7.2611E-02   5.1484E-01   9.3520E-01   5.0949E-01
   8.2000E-01   6.7042E-02   4.9901E-01   9.2965E-01   4.9728E-01
   8.3000E-01   6.1784E-02   4.8245E-01   9.2379E-01   4.8518E-01
   8.4000E-01   5.6448E-02   4.6701E-01   9.1763E-01   4.7322E-01
   8.5000E-01   5.1982E-02   4.5136E-01   9.1116E-01   4.6139E-01
   8.6000E-01   4.7838E-02   4.3535E-01   9.0434E-01   4.4970E-01
   8.7000E-01   4.4119E-02   4.1930E-01   8.9744E-01   4.3817E-01
   8.8000E-01   4.0745E-02   4.0309E-01   8.9051E-01   4.2679E-01
   8.9000E-01   3.7612E-02   3.8780E-01   8.8331E-01   4.1557E-01
   9.0000E-01   3.4705E-02   3.7421E-01   8.7583E-01   4.0453E-01
   9.1000E-01   3.1482E-02   3.5950E-01   8.6809E-01   3.9365E-01
   9.2000E-01   2.8454E-02   3.4462E-01   8.6005E-01   3.8295E-01
   9.3000E-01   2.5697E-02   3.3057E-01   8.5159E-01   3.7243E-01
   9.4000E-01   2.3190E-02   3.1666E-01   8.4287E-01   3.6209E-01
   9.5000E-01   2.0913E-02   3.0385E-01   8.3461E-01   3.5194E-01
   9.6000E-01   1.8847E-02   2.8998E-01   8.2614E-01   3.4198E-01
   9.7000E-01   1.7102E-02   2.7642E-01   8.1720E-01   3.3222E-01
   9.8000E-01   1.5574E-02   2.6472E-01   8.0800E-01   3.2264E-01
   9.9000E-01   1.4176E-02   2.5343E-01   7.9809E-01   3.1326E-01
   1.0000E+00   1.2898E-02   2.4243E-01   7.8821E-01   3.0407E-01
   1.0100E+00   1.1731E-02   2.3130E-01   7.7815E-01   2.9508E-01
   1.0200E+00   1.0688E-02   2.2134E-01   7.6790E-01   2.8628E-01
   1.0300E+00   9.7223E-03   2.1107E-01   7.5745E-01   2.7768E-01
   1.0400E+00   8.8422E-03   2.0072E-01   7.4635E-01   2.6928E-01
   1.0500E+00   8.0830E-03   1.9026E-01   7.3496E-01   2.6107E-01
   1.0600E+00   7.4137E-03   1.8214E-01   7.2340E-01   2.5305E-01
   1.0700E+00   6.7980E-03   1.7398E-01   7.1169E-01   2.4523E-01
   1.0800E+00   6.1876E-03   1.6489E-01   6.9983E-01   2.3760E-01
   1.0900E+00   5.6208E-03   1.5599E-01   6.8840E-01   2.3016E-01
   1.1000E+00   5.1039E-03   1.4805E-01   6.7739E-01   2.2290E-01
   1.1100E+00   4.6327E-03   1.4004E-01   6.6630E-01   2.1583E-01
   1.1200E+00   4.2034E-03   1.3327E-01   6.5534E-01   2.0895E-01
   1.1300E+00   3.8125E-03   1.2699E-01   6.4489E-01   2.0225E-01
   1.1400E+00   3.4568E-03   1.2066E-01   6.3468E-01   1.9572E-01
   1.1500E+00   3.1291E-03   1.1430E-01   6.2400E-01   1.8938E-01
   1.1600E+00   2.8356E-03   1.0873E-01   6.1330E-01   1.8321E-01
   1.1700E+00   2.5638E-03   1.0368E-01   6.0258E-01   1.7721E-01
   1.1800E+00   2.3175E-03   9.8558E-02   5.9164E-01   1.7137E-01
   1.1900E+00   2.0967E-03   9.3960E-02   5.8014E-01   1.6571E-01
   1.2000E+00   1.9159E-03   8.9199E-02   5.6800E-01   1.6020E-01
   1.2100E+00   1.7488E-03   8.3991E-02   5.5586E-01   1.5486E-01
   1.2200E+00   1.5883E-03   7.9117E-02   5.4366E-01   1.4967E-01
   1.2300E+00   1.4422E-03   7.4925E-02   5.3122E-01   1.4464E-01
   1.2400E+00   1.3092E-03   7.0660E-02   5.1882E-01   1.3976E-01
   1.2500E+00   1.1881E-03   6.6803E-02   5.0648E-01   1.3502E-01
   1.2600E+00   1.0780E-03   6.3134E-02   4.9421E-01   1.3043E-01
   1.2700E+00   9.7790E-04   5.9548E-02   4.8203E-01   1.2597E-01
   1.2800E+00   8.8688E-04   5.6373E-02   4.6993E-01   1.2166E-01
   1.2900E+00   8.0101E-04   5.3438E-02   4.5863E-01   1.1748E-01
   1.3000E+00   7.2103E-04   5.0240E-02   4.4767E-01   1.1343E-01
   1.3100E+00   6.4892E-04   4.7283E-02   4.3681E-01   1.0951E-01
   1.3200E+00   5.8393E-04   4.4644E-02   4.2582E-01   1.0571E-01
   1.3300E+00   5.2537E-04   4.2259E-02   4.1426E-01   1.0203E-01
   1.3400E+00   4.7417E-04   3.9711E-02   4.0285E-01   9.8477E-02
   1.3500E+00   4.3246E-04   3.7450E-02   3.9159E-01   9.5035E-02
   1.3600E+00   3.9439E-04   3.5068E-02   3.8048E-01   9.1705E-02
   1.3700E+00   3.5967E-04   3.2908E-02   3.7048E-01   8.8484E-02
   1.3800E+00   3.2799E-04   3.0762E-02   3.6061E-01   8.5369E-02
   1.3900E+00   2.9521E-04   2.8952E-02   3.5092E-01   8.2357E-02
   1.4000E+00   2.6556E-04   2.7433E-02   3.4192E-01   7.9446E-02
   1.4100E+00   2.3886E-04   2.5677E-02   3.3260E-01   7.6632E-02
   1.4200E+00   2.1482E-04   2.4332E-02   3.2302E-01   7.3912E-02
   1.4300E+00   1.9318E-04   2.3069E-02   3.1361E-01   7.1284E-02
   1.4400E+00   1.7371E-04   2.1736E-02   3.0436E-01   6.8746E-02
   1.4500E+00   1.5618E-04   2.0445E-02   2.9529E-01   6.6293E-02
   1.4600E+00   1.4041E-04   1.9076E-02   2.8638E-01   6.3925E-02
   1.4700E+00   1.2622E-04   1.7794E-02   2.7765E-01   6.1638E-02
   1.4800E+00   1.1346E-04   1.6593E-02   2.6910E-01   5.9429E-02
   1.4900E+00   1.0212E-04   1.5468E-02   2.6073E-01   5.7297E-02
   1.5000E+00   9.2395E-05   1.4416E-02   2.5253E-01   5.5239E-02
   1.5100E+00   8.3587E-05   1.3588E-02   2.4456E-01   5.3253E-02
   1.5200E+00   7.5613E-05   1.2869E-02   2.3717E-01   5.1336E-02
   1.5300E+00   6.8395E-05   1.2027E-02   2.2994E-01   4.9486E-02
   1.5400E+00   6.1861E-05   1.1194E-02   2.2279E-01   4.7701E-02
   1.5500E+00   5.5947E-05   1.0429E-02   2.1558E-01   4.5978E-02
   1.5600E+00   5.0595E-05   9.7720E-03   2.0854E-01   4.4317E-02
   1.5700E+00   4.5752E-05   9.1061E-03   2.0168E-01   4.2715E-02
   1.5800E+00   4.1370E-05   8.5484E-03   1.9513E-01   4.1169E-02
   1.5900E+00   3.7406E-05   8.0237E-03   1.8938E-01   3.9678E-02
   1.6000E+00   3.3820E-05   7.5306E-03   1.8312E-01   3.8240E-02
   1.6100E+00   3.0593E-05   7.0536E-03   1.7678E-01   3.6854E-02
   1.6200E+00   2.7791E-05   6.5763E-03   1.7045E-01   3.5518E-02
   1.6300E+00   2.5246E-05   6.1287E-03   1.6430E-01   3.4229E-02
   1.6400E+00   2.2935E-05   5.7057E-03   1.5832E-01   3.2986E-02
   1.6500E+00   2.0835E-05   5.3108E-03   1.5252E-01   3.1789E-02
   1.6600E+00   1.8817E-05   4.9465E-03   1.4689E-01   3.0634E-02
   1.6700E+00   1.6904E-05   4.6368E-03   1.4143E-01   2.9521E-02
   1.6800E+00   1.5311E-05   4.3286E-03   1.3613E-01   2.8448E-02
   1.6900E+00   1.3915E-05   4.0272E-03   1.3100E-01   2.7415E-02
   1.7000E+00   1.2715E-05   3.7469E-03   1.2602E-01   2.6418E-02
   1.7100E+00   1.1448E-05   3.4861E-03   1.2120E-01   2.5458E-02
   1.7200E+00   1.0305E-05   3.2496E-03   1.1653E-01   2.4532E-02
   1.7300E+00   9.2758E-06   3.0293E-03   1.1202E-01   2.3641E-02
   1.7400E+00   8.3498E-06   2.8172E-03   1.0765E-01   2.2781E-02
   1.7500E+00   7.5165E-06   2.6199E-03   1.0343E-01   2.1953E-02
   1.7600E+00   6.7666E-06   2.4362E-03   9.9342E-02   2.1155E-02
   1.7700E+00   6.1086E-06   2.2649E-03   9.5477E-02   2.0386E-02
   1.7800E+00   5.5410E-06   2.1052E-03   9.1877E-02   1.9646E-02
   1.7900E+00   5.0262E-06   1.9699E-03   8.8393E-02   1.8932E-02
   1.8000E+00   4.5591E-06   1.8366E-03   8.5022E-02   1.8244E-02
   1.8100E+00   4.1355E-06   1.7048E-03   8.1762E-02   1.7582E-02
   1.8200E+00   3.7344E-06   1.5822E-03   7.8610E-02   1.6944E-02
   1.8300E+00   3.3668E-06   1.4726E-03   7.5563E-02   1.6329E-02
   1.8400E+00   3.0357E-06   1.3779E-03   7.2620E-02   1.5736E-02
   1.8500E+00   2.7341E-06   1.2868E-03   6.9776E-02   1.5165E-02
   1.8600E+00   2.4614E-06   1.2015E-03   6.7031E-02   1.4616E-02
   1.8700E+00   2.2105E-06   1.1228E-03   6.4380E-02   1.4086E-02
   1.8800E+00   1.9794E-06   1.0473E-03   6.1847E-02   1.3575E-02
   1.8900E+00   1.7792E-06   9.7673E-04   5.9515E-02   1.3084E-02
   1.9000E+00   1.5996E-06   9.0651E-04   5.7295E-02   1.2610E-02
   1.9100E+00   1.4382E-06   8.4085E-04   5.5243E-02   1.2154E-02
   1.9200E+00   1.2931E-06   7.8022E-04   5.3256E-02   1.1714E-02
   1.9300E+00   1.1628E-06   7.3232E-04   5.1332E-02   1.1290E-02
   1.9400E+00   1.0456E-06   6.8154E-04   4.9470E-02   1.0882E-02
   1.9500E+00   9.4030E-07   6.3391E-04   4.7669E-02   1.0489E-02
   1.9600E+00   8.4566E-07   5.8986E-04   4.5926E-02   1.0110E-02
   1.9700E+00   7.6058E-07   5.4690E-04   4.4241E-02   9.7455E-03
   1.9800E+00   6.8411E-07   5.0703E-04   4.2611E-02   9.3939E-03
   1.9900E+00   6.1537E-07   4.7027E-04   4.1035E-02   9.0552E-03
   2.0000E+00   5.5357E-07   4.3857E-04   3.9444E-02   8.7288E-03
