  Probability    Frequency
   1.2115E-10   1.0000E-03
   3.5877E-10   2.0000E-03
   5.9587E-10   3.0000E-03
   8.3350E-10   4.0000E-03
   1.0720E-09   5.0000E-03
   1.3115E-09   6.0000E-03
   1.5520E-09   7.0000E-03
   1.7936E-09   8.0000E-03
   2.0363E-09   9.0000E-03
   2.2802E-09   1.0000E-02
   2.5251E-09   1.1000E-02
   2.7712E-09   1.2000E-02
   3.0184E-09   1.3000E-02
   3.2667E-09   1.4000E-02
   3.5161E-09   1.5000E-02
   3.7666E-09   1.6000E-02
   4.0182E-09   1.7000E-02
   4.2709E-09   1.8000E-02
   4.5247E-09   1.9000E-02
   4.7796E-09   2.0000E-02
   5.0355E-09   2.1000E-02
   5.2925E-09   2.2000E-02
   5.5505E-09   2.3000E-02
   5.8096E-09   2.4000E-02
   6.0698E-09   2.5000E-02
   6.3310E-09   2.6000E-02
   6.5932E-09   2.7000E-02
   6.8565E-09   2.8000E-02
   7.1208E-09   2.9000E-02
   7.3862E-09   3.0000E-02
   7.6525E-09   3.1000E-02
   7.9199E-09   3.2000E-02
   8.1883E-09   3.3000E-02
   8.4578E-09   3.4000E-02
   8.7282E-09   3.5000E-02
   8.9997E-09   3.6000E-02
   9.2721E-09   3.7000E-02
   9.5456E-09   3.8000E-02
   9.8201E-09   3.9000E-02
   1.0096E-08   4.0000E-02
   1.0372E-08   4.1000E-02
   1.0649E-08   4.2000E-02
   1.0928E-08   4.3000E-02
   1.1207E-08   4.4000E-02
   1.1488E-08   4.5000E-02
   1.1769E-08   4.6000E-02
   1.2052E-08   4.7000E-02
   1.2335E-08   4.8000E-02
   1.2619E-08   4.9000E-02
   1.2905E-08   5.0000E-02
   1.3191E-08   5.1000E-02
   1.3479E-08   5.2000E-02
   1.3767E-08   5.3000E-02
   1.4056E-08   5.4000E-02
   1.4346E-08   5.5000E-02
   1.4638E-08   5.6000E-02
   1.4930E-08   5.7000E-02
   1.5223E-08   5.8000E-02
   1.5517E-08   5.9000E-02
   1.5813E-08   6.0000E-02
   1.6109E-08   6.1000E-02
   1.6406E-08   6.2000E-02
   1.6704E-08   6.3000E-02
   1.7003E-08   6.4000E-02
   1.7303E-08   6.5000E-02
   1.7604E-08   6.6000E-02
   1.7906E-08   6.7000E-02
   1.8209E-08   6.8000E-02
   1.8513E-08   6.9000E-02
   1.8818E-08   7.0000E-02
   1.9124E-08   7.1000E-02
   1.9430E-08   7.2000E-02
   1.9738E-08   7.3000E-02
   2.0047E-08   7.4000E-02
   2.0357E-08   7.5000E-02
   2.0668E-08   7.6000E-02
   2.0979E-08   7.7000E-02
   2.1292E-08   7.8000E-02
   2.1606E-08   7.9000E-02
   2.1920E-08   8.0000E-02
   2.2236E-08   8.1000E-02
   2.2553E-08   8.2000E-02
   2.2870E-08   8.3000E-02
   2.3189E-08   8.4000E-02
   2.3508E-08   8.5000E-02
   2.3829E-08   8.6000E-02
   2.4150E-08   8.7000E-02
   2.4473E-08   8.8000E-02
   2.4796E-08   8.9000E-02
   2.5121E-08   9.0000E-02
   2.5446E-08   9.1000E-02
   2.5772E-08   9.2000E-02
   2.6100E-08   9.3000E-02
   2.6428E-08   9.4000E-02
   2.6758E-08   9.5000E-02
   2.7088E-08   9.6000E-02
   2.7419E-08   9.7000E-02
   2.7751E-08   9.8000E-02
   2.8085E-08   9.9000E-02
   2.8419E-08   1.0000E-01
   2.8754E-08   1.0100E-01
   2.9091E-08   1.0200E-01
   2.9428E-08   1.0300E-01
   2.9766E-08   1.0400E-01
   3.0105E-08   1.0500E-01
   3.0446E-08   1.0600E-01
   3.0787E-08   1.0700E-01
   3.1129E-08   1.0800E-01
   3.1473E-08   1.0900E-01
   3.1817E-08   1.1000E-01
   3.2162E-08   1.1100E-01
   3.2508E-08   1.1200E-01
   3.2856E-08   1.1300E-01
   3.3204E-08   1.1400E-01
   3.3553E-08   1.1500E-01
   3.3904E-08   1.1600E-01
   3.4255E-08   1.1700E-01
   3.4607E-08   1.1800E-01
   3.4961E-08   1.1900E-01
   3.5315E-08   1.2000E-01
   3.5670E-08   1.2100E-01
   3.6027E-08   1.2200E-01
   3.6384E-08   1.2300E-01
   3.6743E-08   1.2400E-01
   3.7102E-08   1.2500E-01
   3.7462E-08   1.2600E-01
   3.7824E-08   1.2700E-01
   3.8187E-08   1.2800E-01
   3.8550E-08   1.2900E-01
   3.8915E-08   1.3000E-01
   3.9280E-08   1.3100E-01
   3.9647E-08   1.3200E-01
   4.0015E-08   1.3300E-01
   4.0384E-08   1.3400E-01
   4.0753E-08   1.3500E-01
   4.1124E-08   1.3600E-01
   4.1496E-08   1.3700E-01
   4.1869E-08   1.3800E-01
   4.2243E-08   1.3900E-01
   4.2618E-08   1.4000E-01
   4.2994E-08   1.4100E-01
   4.3371E-08   1.4200E-01
   4.3749E-08   1.4300E-01
   4.4129E-08   1.4400E-01
   4.4509E-08   1.4500E-01
   4.4890E-08   1.4600E-01
   4.5273E-08   1.4700E-01
   4.5656E-08   1.4800E-01
   4.6041E-08   1.4900E-01
   4.6427E-08   1.5000E-01
   4.6813E-08   1.5100E-01
   4.7201E-08   1.5200E-01
   4.7590E-08   1.5300E-01
   4.7980E-08   1.5400E-01
   4.8371E-08   1.5500E-01
   4.8763E-08   1.5600E-01
   4.9156E-08   1.5700E-01
   4.9550E-08   1.5800E-01
   4.9946E-08   1.5900E-01
   5.0342E-08   1.6000E-01
   5.0740E-08   1.6100E-01
   5.1139E-08   1.6200E-01
   5.1538E-08   1.6300E-01
   5.1939E-08   1.6400E-01
   5.2341E-08   1.6500E-01
   5.2744E-08   1.6600E-01
   5.3148E-08   1.6700E-01
   5.3554E-08   1.6800E-01
   5.3960E-08   1.6900E-01
   5.4367E-08   1.7000E-01
   5.4776E-08   1.7100E-01
   5.5186E-08   1.7200E-01
   5.5597E-08   1.7300E-01
   5.6009E-08   1.7400E-01
   5.6422E-08   1.7500E-01
   5.6836E-08   1.7600E-01
   5.7251E-08   1.7700E-01
   5.7668E-08   1.7800E-01
   5.8085E-08   1.7900E-01
   5.8504E-08   1.8000E-01
   5.8924E-08   1.8100E-01
   5.9345E-08   1.8200E-01
   5.9767E-08   1.8300E-01
   6.0191E-08   1.8400E-01
   6.0615E-08   1.8500E-01
   6.1041E-08   1.8600E-01
   6.1468E-08   1.8700E-01
   6.1896E-08   1.8800E-01
   6.2325E-08   1.8900E-01
   6.2755E-08   1.9000E-01
   6.3187E-08   1.9100E-01
   6.3619E-08   1.9200E-01
   6.4053E-08   1.9300E-01
   6.4488E-08   1.9400E-01
   6.4924E-08   1.9500E-01
   6.5362E-08   1.9600E-01
   6.5800E-08   1.9700E-01
   6.6240E-08   1.9800E-01
   6.6681E-08   1.9900E-01
   6.7123E-08   2.0000E-01
   6.7567E-08   2.0100E-01
   6.8011E-08   2.0200E-01
   6.8457E-08   2.0300E-01
   6.8904E-08   2.0400E-01
   6.9352E-08   2.0500E-01
   6.9801E-08   2.0600E-01
   7.0252E-08   2.0700E-01
   7.0704E-08   2.0800E-01
   7.1157E-08   2.0900E-01
   7.1611E-08   2.1000E-01
   7.2066E-08   2.1100E-01
   7.2523E-08   2.1200E-01
   7.2981E-08   2.1300E-01
   7.3440E-08   2.1400E-01
   7.3901E-08   2.1500E-01
   7.4362E-08   2.1600E-01
   7.4825E-08   2.1700E-01
   7.5289E-08   2.1800E-01
   7.5755E-08   2.1900E-01
   7.6221E-08   2.2000E-01
   7.6689E-08   2.2100E-01
   7.7158E-08   2.2200E-01
   7.7629E-08   2.2300E-01
   7.8101E-08   2.2400E-01
   7.8574E-08   2.2500E-01
   7.9048E-08   2.2600E-01
   7.9523E-08   2.2700E-01
   8.0000E-08   2.2800E-01
   8.0478E-08   2.2900E-01
   8.0958E-08   2.3000E-01
   8.1438E-08   2.3100E-01
   8.1920E-08   2.3200E-01
   8.2404E-08   2.3300E-01
   8.2888E-08   2.3400E-01
   8.3374E-08   2.3500E-01
   8.3861E-08   2.3600E-01
   8.4350E-08   2.3700E-01
   8.4840E-08   2.3800E-01
   8.5331E-08   2.3900E-01
   8.5823E-08   2.4000E-01
   8.6317E-08   2.4100E-01
   8.6812E-08   2.4200E-01
   8.7309E-08   2.4300E-01
   8.7807E-08   2.4400E-01
   8.8306E-08   2.4500E-01
   8.8806E-08   2.4600E-01
   8.9308E-08   2.4700E-01
   8.9812E-08   2.4800E-01
   9.0316E-08   2.4900E-01
   9.0822E-08   2.5000E-01
   9.1329E-08   2.5100E-01
   9.1838E-08   2.5200E-01
   9.2348E-08   2.5300E-01
   9.2860E-08   2.5400E-01
   9.3372E-08   2.5500E-01
   9.3887E-08   2.5600E-01
   9.4402E-08   2.5700E-01
   9.4919E-08   2.5800E-01
   9.5438E-08   2.5900E-01
   9.5957E-08   2.6000E-01
   9.6479E-08   2.6100E-01
   9.7001E-08   2.6200E-01
   9.7525E-08   2.6300E-01
   9.8051E-08   2.6400E-01
   9.8578E-08   2.6500E-01
   9.9106E-08   2.6600E-01
   9.9636E-08   2.6700E-01
   1.0017E-07   2.6800E-01
   1.0070E-07   2.6900E-01
   1.0123E-07   2.7000E-01
   1.0177E-07   2.7100E-01
   1.0231E-07   2.7200E-01
   1.0284E-07   2.7300E-01
   1.0338E-07   2.7400E-01
   1.0393E-07   2.7500E-01
   1.0447E-07   2.7600E-01
   1.0501E-07   2.7700E-01
   1.0556E-07   2.7800E-01
   1.0611E-07   2.7900E-01
   1.0665E-07   2.8000E-01
   1.0720E-07   2.8100E-01
   1.0776E-07   2.8200E-01
   1.0831E-07   2.8300E-01
   1.0886E-07   2.8400E-01
   1.0942E-07   2.8500E-01
   1.0998E-07   2.8600E-01
   1.1054E-07   2.8700E-01
   1.1110E-07   2.8800E-01
   1.1166E-07   2.8900E-01
   1.1222E-07   2.9000E-01
   1.1279E-07   2.9100E-01
   1.1336E-07   2.9200E-01
   1.1393E-07   2.9300E-01
   1.1450E-07   2.9400E-01
   1.1507E-07   2.9500E-01
   1.1564E-07   2.9600E-01
   1.1621E-07   2.9700E-01
   1.1679E-07   2.9800E-01
   1.1737E-07   2.9900E-01
   1.1795E-07   3.0000E-01
   1.1853E-07   3.0100E-01
   1.1911E-07   3.0200E-01
   1.1970E-07   3.0300E-01
   1.2028E-07   3.0400E-01
   1.2087E-07   3.0500E-01
   1.2146E-07   3.0600E-01
   1.2205E-07   3.0700E-01
   1.2264E-07   3.0800E-01
   1.2324E-07   3.0900E-01
   1.2383E-07   3.1000E-01
   1.2443E-07   3.1100E-01
   1.2503E-07   3.1200E-01
   1.2563E-07   3.1300E-01
   1.2623E-07   3.1400E-01
   1.2683E-07   3.1500E-01
   1.2744E-07   3.1600E-01
   1.2805E-07   3.1700E-01
   1.2866E-07   3.1800E-01
   1.2927E-07   3.1900E-01
   1.2988E-07   3.2000E-01
   1.3049E-07   3.2100E-01
   1.3111E-07   3.2200E-01
   1.3173E-07   3.2300E-01
   1.3234E-07   3.2400E-01
   1.3297E-07   3.2500E-01
   1.3359E-07   3.2600E-01
   1.3421E-07   3.2700E-01
   1.3484E-07   3.2800E-01
   1.3547E-07   3.2900E-01
   1.3609E-07   3.3000E-01
   1.3673E-07   3.3100E-01
   1.3736E-07   3.3200E-01
   1.3799E-07   3.3300E-01
   1.3863E-07   3.3400E-01
   1.3927E-07   3.3500E-01
   1.3991E-07   3.3600E-01
   1.4055E-07   3.3700E-01
   1.4119E-07   3.3800E-01
   1.4184E-07   3.3900E-01
   1.4249E-07   3.4000E-01
   1.4314E-07   3.4100E-01
   1.4379E-07   3.4200E-01
   1.4444E-07   3.4300E-01
   1.4509E-07   3.4400E-01
   1.4575E-07   3.4500E-01
   1.4641E-07   3.4600E-01
   1.4707E-07   3.4700E-01
   1.4773E-07   3.4800E-01
   1.4839E-07   3.4900E-01
   1.4906E-07   3.5000E-01
   1.4973E-07   3.5100E-01
   1.5040E-07   3.5200E-01
   1.5107E-07   3.5300E-01
   1.5174E-07   3.5400E-01
   1.5242E-07   3.5500E-01
   1.5309E-07   3.5600E-01
   1.5377E-07   3.5700E-01
   1.5445E-07   3.5800E-01
   1.5514E-07   3.5900E-01
   1.5582E-07   3.6000E-01
   1.5651E-07   3.6100E-01
   1.5720E-07   3.6200E-01
   1.5789E-07   3.6300E-01
   1.5858E-07   3.6400E-01
   1.5927E-07   3.6500E-01
   1.5997E-07   3.6600E-01
   1.6067E-07   3.6700E-01
   1.6137E-07   3.6800E-01
   1.6207E-07   3.6900E-01
   1.6278E-07   3.7000E-01
   1.6348E-07   3.7100E-01
   1.6419E-07   3.7200E-01
   1.6490E-07   3.7300E-01
   1.6561E-07   3.7400E-01
   1.6633E-07   3.7500E-01
   1.6704E-07   3.7600E-01
   1.6776E-07   3.7700E-01
   1.6848E-07   3.7800E-01
   1.6921E-07   3.7900E-01
   1.6993E-07   3.8000E-01
   1.7066E-07   3.8100E-01
   1.7139E-07   3.8200E-01
   1.7212E-07   3.8300E-01
   1.7285E-07   3.8400E-01
   1.7359E-07   3.8500E-01
   1.7433E-07   3.8600E-01
   1.7507E-07   3.8700E-01
   1.7581E-07   3.8800E-01
   1.7655E-07   3.8900E-01
   1.7730E-07   3.9000E-01
   1.7805E-07   3.9100E-01
   1.7880E-07   3.9200E-01
   1.7955E-07   3.9300E-01
   1.8030E-07   3.9400E-01
   1.8106E-07   3.9500E-01
   1.8182E-07   3.9600E-01
   1.8258E-07   3.9700E-01
   1.8335E-07   3.9800E-01
   1.8411E-07   3.9900E-01
   1.8488E-07   4.0000E-01
   1.8565E-07   4.0100E-01
   1.8642E-07   4.0200E-01
   1.8720E-07   4.0300E-01
   1.8798E-07   4.0400E-01
   1.8876E-07   4.0500E-01
   1.8954E-07   4.0600E-01
   1.9032E-07   4.0700E-01
   1.9111E-07   4.0800E-01
   1.9190E-07   4.0900E-01
   1.9269E-07   4.1000E-01
   1.9348E-07   4.1100E-01
   1.9428E-07   4.1200E-01
   1.9508E-07   4.1300E-01
   1.9588E-07   4.1400E-01
   1.9668E-07   4.1500E-01
   1.9749E-07   4.1600E-01
   1.9829E-07   4.1700E-01
   1.9911E-07   4.1800E-01
   1.9992E-07   4.1900E-01
   2.0073E-07   4.2000E-01
   2.0155E-07   4.2100E-01
   2.0237E-07   4.2200E-01
   2.0319E-07   4.2300E-01
   2.0402E-07   4.2400E-01
   2.0485E-07   4.2500E-01
   2.0568E-07   4.2600E-01
   2.0651E-07   4.2700E-01
   2.0734E-07   4.2800E-01
   2.0818E-07   4.2900E-01
   2.0902E-07   4.3000E-01
   2.0986E-07   4.3100E-01
   2.1071E-07   4.3200E-01
   2.1156E-07   4.3300E-01
   2.1241E-07   4.3400E-01
   2.1326E-07   4.3500E-01
   2.1411E-07   4.3600E-01
   2.1497E-07   4.3700E-01
   2.1583E-07   4.3800E-01
   2.1670E-07   4.3900E-01
   2.1756E-07   4.4000E-01
   2.1843E-07   4.4100E-01
   2.1930E-07   4.4200E-01
   2.2018E-07   4.4300E-01
   2.2105E-07   4.4400E-01
   2.2193E-07   4.4500E-01
   2.2281E-07   4.4600E-01
   2.2370E-07   4.4700E-01
   2.2459E-07   4.4800E-01
   2.2548E-07   4.4900E-01
   2.2637E-07   4.5000E-01
   2.2726E-07   4.5100E-01
   2.2816E-07   4.5200E-01
   2.2906E-07   4.5300E-01
   2.2997E-07   4.5400E-01
   2.3087E-07   4.5500E-01
   2.3178E-07   4.5600E-01
   2.3270E-07   4.5700E-01
   2.3361E-07   4.5800E-01
   2.3453E-07   4.5900E-01
   2.3545E-07   4.6000E-01
   2.3637E-07   4.6100E-01
   2.3730E-07   4.6200E-01
   2.3823E-07   4.6300E-01
   2.3916E-07   4.6400E-01
   2.4010E-07   4.6500E-01
   2.4104E-07   4.6600E-01
   2.4198E-07   4.6700E-01
   2.4292E-07   4.6800E-01
   2.4387E-07   4.6900E-01
   2.4482E-07   4.7000E-01
   2.4578E-07   4.7100E-01
   2.4673E-07   4.7200E-01
   2.4769E-07   4.7300E-01
   2.4865E-07   4.7400E-01
   2.4962E-07   4.7500E-01
   2.5059E-07   4.7600E-01
   2.5156E-07   4.7700E-01
   2.5253E-07   4.7800E-01
   2.5351E-07   4.7900E-01
   2.5449E-07   4.8000E-01
   2.5548E-07   4.8100E-01
   2.5647E-07   4.8200E-01
   2.5746E-07   4.8300E-01
   2.5845E-07   4.8400E-01
   2.5945E-07   4.8500E-01
   2.6045E-07   4.8600E-01
   2.6145E-07   4.8700E-01
   2.6246E-07   4.8800E-01
   2.6347E-07   4.8900E-01
   2.6448E-07   4.9000E-01
   2.6550E-07   4.9100E-01
   2.6652E-07   4.9200E-01
   2.6754E-07   4.9300E-01
   2.6857E-07   4.9400E-01
   2.6960E-07   4.9500E-01
   2.7063E-07   4.9600E-01
   2.7167E-07   4.9700E-01
   2.7271E-07   4.9800E-01
   2.7375E-07   4.9900E-01
   2.7480E-07   5.0000E-01
   2.7585E-07   5.0100E-01
   2.7690E-07   5.0200E-01
   2.7796E-07   5.0300E-01
   2.7902E-07   5.0400E-01
   2.8008E-07   5.0500E-01
   2.8115E-07   5.0600E-01
   2.8222E-07   5.0700E-01
   2.8330E-07   5.0800E-01
   2.8438E-07   5.0900E-01
   2.8546E-07   5.1000E-01
   2.8655E-07   5.1100E-01
   2.8764E-07   5.1200E-01
   2.8873E-07   5.1300E-01
   2.8983E-07   5.1400E-01
   2.9093E-07   5.1500E-01
   2.9203E-07   5.1600E-01
   2.9314E-07   5.1700E-01
   2.9425E-07   5.1800E-01
   2.9537E-07   5.1900E-01
   2.9648E-07   5.2000E-01
   2.9761E-07   5.2100E-01
   2.9873E-07   5.2200E-01
   2.9986E-07   5.2300E-01
   3.0100E-07   5.2400E-01
   3.0214E-07   5.2500E-01
   3.0328E-07   5.2600E-01
   3.0443E-07   5.2700E-01
   3.0558E-07   5.2800E-01
   3.0673E-07   5.2900E-01
   3.0789E-07   5.3000E-01
   3.0905E-07   5.3100E-01
   3.1022E-07   5.3200E-01
   3.1139E-07   5.3300E-01
   3.1256E-07   5.3400E-01
   3.1374E-07   5.3500E-01
   3.1492E-07   5.3600E-01
   3.1611E-07   5.3700E-01
   3.1730E-07   5.3800E-01
   3.1849E-07   5.3900E-01
   3.1969E-07   5.4000E-01
   3.2090E-07   5.4100E-01
   3.2210E-07   5.4200E-01
   3.2331E-07   5.4300E-01
   3.2453E-07   5.4400E-01
   3.2575E-07   5.4500E-01
   3.2697E-07   5.4600E-01
   3.2820E-07   5.4700E-01
   3.2944E-07   5.4800E-01
   3.3067E-07   5.4900E-01
   3.3192E-07   5.5000E-01
   3.3316E-07   5.5100E-01
   3.3441E-07   5.5200E-01
   3.3567E-07   5.5300E-01
   3.3693E-07   5.5400E-01
   3.3819E-07   5.5500E-01
   3.3946E-07   5.5600E-01
   3.4073E-07   5.5700E-01
   3.4201E-07   5.5800E-01
   3.4330E-07   5.5900E-01
   3.4458E-07   5.6000E-01
   3.4587E-07   5.6100E-01
   3.4717E-07   5.6200E-01
   3.4847E-07   5.6300E-01
   3.4978E-07   5.6400E-01
   3.5109E-07   5.6500E-01
   3.5240E-07   5.6600E-01
   3.5372E-07   5.6700E-01
   3.5505E-07   5.6800E-01
   3.5638E-07   5.6900E-01
   3.5772E-07   5.7000E-01
   3.5906E-07   5.7100E-01
   3.6040E-07   5.7200E-01
   3.6175E-07   5.7300E-01
   3.6310E-07   5.7400E-01
   3.6446E-07   5.7500E-01
   3.6583E-07   5.7600E-01
   3.6720E-07   5.7700E-01
   3.6857E-07   5.7800E-01
   3.6995E-07   5.7900E-01
   3.7134E-07   5.8000E-01
   3.7273E-07   5.8100E-01
   3.7413E-07   5.8200E-01
   3.7553E-07   5.8300E-01
   3.7693E-07   5.8400E-01
   3.7835E-07   5.8500E-01
   3.7976E-07   5.8600E-01
   3.8119E-07   5.8700E-01
   3.8261E-07   5.8800E-01
   3.8405E-07   5.8900E-01
   3.8549E-07   5.9000E-01
   3.8693E-07   5.9100E-01
   3.8838E-07   5.9200E-01
   3.8984E-07   5.9300E-01
   3.9130E-07   5.9400E-01
   3.9276E-07   5.9500E-01
   3.9424E-07   5.9600E-01
   3.9571E-07   5.9700E-01
   3.9720E-07   5.9800E-01
   3.9869E-07   5.9900E-01
   4.0018E-07   6.0000E-01
   4.0168E-07   6.0100E-01
   4.0319E-07   6.0200E-01
   4.0470E-07   6.0300E-01
   4.0622E-07   6.0400E-01
   4.0775E-07   6.0500E-01
   4.0928E-07   6.0600E-01
   4.1081E-07   6.0700E-01
   4.1236E-07   6.0800E-01
   4.1391E-07   6.0900E-01
   4.1546E-07   6.1000E-01
   4.1702E-07   6.1100E-01
   4.1859E-07   6.1200E-01
   4.2016E-07   6.1300E-01
   4.2174E-07   6.1400E-01
   4.2333E-07   6.1500E-01
   4.2492E-07   6.1600E-01
   4.2652E-07   6.1700E-01
   4.2813E-07   6.1800E-01
   4.2974E-07   6.1900E-01
   4.3136E-07   6.2000E-01
   4.3299E-07   6.2100E-01
   4.3462E-07   6.2200E-01
   4.3626E-07   6.2300E-01
   4.3790E-07   6.2400E-01
   4.3956E-07   6.2500E-01
   4.4121E-07   6.2600E-01
   4.4288E-07   6.2700E-01
   4.4455E-07   6.2800E-01
   4.4623E-07   6.2900E-01
   4.4792E-07   6.3000E-01
   4.4961E-07   6.3100E-01
   4.5131E-07   6.3200E-01
   4.5302E-07   6.3300E-01
   4.5474E-07   6.3400E-01
   4.5646E-07   6.3500E-01
   4.5819E-07   6.3600E-01
   4.5992E-07   6.3700E-01
   4.6167E-07   6.3800E-01
   4.6342E-07   6.3900E-01
   4.6518E-07   6.4000E-01
   4.6694E-07   6.4100E-01
   4.6872E-07   6.4200E-01
   4.7050E-07   6.4300E-01
   4.7229E-07   6.4400E-01
   4.7409E-07   6.4500E-01
   4.7589E-07   6.4600E-01
   4.7770E-07   6.4700E-01
   4.7952E-07   6.4800E-01
   4.8135E-07   6.4900E-01
   4.8319E-07   6.5000E-01
   4.8503E-07   6.5100E-01
   4.8688E-07   6.5200E-01
   4.8874E-07   6.5300E-01
   4.9061E-07   6.5400E-01
   4.9248E-07   6.5500E-01
   4.9437E-07   6.5600E-01
   4.9626E-07   6.5700E-01
   4.9816E-07   6.5800E-01
   5.0007E-07   6.5900E-01
   5.0199E-07   6.6000E-01
   5.0392E-07   6.6100E-01
   5.0585E-07   6.6200E-01
   5.0780E-07   6.6300E-01
   5.0975E-07   6.6400E-01
   5.1171E-07   6.6500E-01
   5.1368E-07   6.6600E-01
   5.1566E-07   6.6700E-01
   5.1765E-07   6.6800E-01
   5.1965E-07   6.6900E-01
   5.2165E-07   6.7000E-01
   5.2367E-07   6.7100E-01
   5.2569E-07   6.7200E-01
   5.2773E-07   6.7300E-01
   5.2977E-07   6.7400E-01
   5.3182E-07   6.7500E-01
   5.3389E-07   6.7600E-01
   5.3596E-07   6.7700E-01
   5.3804E-07   6.7800E-01
   5.4013E-07   6.7900E-01
   5.4223E-07   6.8000E-01
   5.4434E-07   6.8100E-01
   5.4646E-07   6.8200E-01
   5.4859E-07   6.8300E-01
   5.5073E-07   6.8400E-01
   5.5289E-07   6.8500E-01
   5.5505E-07   6.8600E-01
   5.5722E-07   6.8700E-01
   5.5940E-07   6.8800E-01
   5.6159E-07   6.8900E-01
   5.6380E-07   6.9000E-01
   5.6601E-07   6.9100E-01
   5.6823E-07   6.9200E-01
   5.7047E-07   6.9300E-01
   5.7272E-07   6.9400E-01
   5.7497E-07   6.9500E-01
   5.7724E-07   6.9600E-01
   5.7952E-07   6.9700E-01
   5.8181E-07   6.9800E-01
   5.8411E-07   6.9900E-01
   5.8642E-07   7.0000E-01
   5.8875E-07   7.0100E-01
   5.9108E-07   7.0200E-01
   5.9343E-07   7.0300E-01
   5.9579E-07   7.0400E-01
   5.9816E-07   7.0500E-01
   6.0054E-07   7.0600E-01
   6.0294E-07   7.0700E-01
   6.0535E-07   7.0800E-01
   6.0777E-07   7.0900E-01
   6.1020E-07   7.1000E-01
   6.1264E-07   7.1100E-01
   6.1510E-07   7.1200E-01
   6.1757E-07   7.1300E-01
   6.2005E-07   7.1400E-01
   6.2254E-07   7.1500E-01
   6.2505E-07   7.1600E-01
   6.2757E-07   7.1700E-01
   6.3011E-07   7.1800E-01
   6.3265E-07   7.1900E-01
   6.3521E-07   7.2000E-01
   6.3779E-07   7.2100E-01
   6.4038E-07   7.2200E-01
   6.4298E-07   7.2300E-01
   6.4559E-07   7.2400E-01
   6.4822E-07   7.2500E-01
   6.5086E-07   7.2600E-01
   6.5352E-07   7.2700E-01
   6.5619E-07   7.2800E-01
   6.5888E-07   7.2900E-01
   6.6158E-07   7.3000E-01
   6.6430E-07   7.3100E-01
   6.6703E-07   7.3200E-01
   6.6977E-07   7.3300E-01
   6.7253E-07   7.3400E-01
   6.7531E-07   7.3500E-01
   6.7810E-07   7.3600E-01
   6.8090E-07   7.3700E-01
   6.8372E-07   7.3800E-01
   6.8656E-07   7.3900E-01
   6.8941E-07   7.4000E-01
   6.9228E-07   7.4100E-01
   6.9517E-07   7.4200E-01
   6.9807E-07   7.4300E-01
   7.0099E-07   7.4400E-01
   7.0392E-07   7.4500E-01
   7.0687E-07   7.4600E-01
   7.0984E-07   7.4700E-01
   7.1283E-07   7.4800E-01
   7.1583E-07   7.4900E-01
   7.1885E-07   7.5000E-01
   7.2189E-07   7.5100E-01
   7.2494E-07   7.5200E-01
   7.2802E-07   7.5300E-01
   7.3111E-07   7.5400E-01
   7.3422E-07   7.5500E-01
   7.3734E-07   7.5600E-01
   7.4049E-07   7.5700E-01
   7.4366E-07   7.5800E-01
   7.4684E-07   7.5900E-01
   7.5004E-07   7.6000E-01
   7.5327E-07   7.6100E-01
   7.5651E-07   7.6200E-01
   7.5977E-07   7.6300E-01
   7.6305E-07   7.6400E-01
   7.6635E-07   7.6500E-01
   7.6968E-07   7.6600E-01
   7.7302E-07   7.6700E-01
   7.7638E-07   7.6800E-01
   7.7977E-07   7.6900E-01
   7.8317E-07   7.7000E-01
   7.8660E-07   7.7100E-01
   7.9004E-07   7.7200E-01
   7.9351E-07   7.7300E-01
   7.9701E-07   7.7400E-01
   8.0052E-07   7.7500E-01
   8.0406E-07   7.7600E-01
   8.0762E-07   7.7700E-01
   8.1120E-07   7.7800E-01
   8.1480E-07   7.7900E-01
   8.1843E-07   7.8000E-01
   8.2208E-07   7.8100E-01
   8.2576E-07   7.8200E-01
   8.2946E-07   7.8300E-01
   8.3318E-07   7.8400E-01
   8.3693E-07   7.8500E-01
   8.4071E-07   7.8600E-01
   8.4451E-07   7.8700E-01
   8.4833E-07   7.8800E-01
   8.5218E-07   7.8900E-01
   8.5606E-07   7.9000E-01
   8.5996E-07   7.9100E-01
   8.6389E-07   7.9200E-01
   8.6785E-07   7.9300E-01
   8.7183E-07   7.9400E-01
   8.7584E-07   7.9500E-01
   8.7988E-07   7.9600E-01
   8.8395E-07   7.9700E-01
   8.8805E-07   7.9800E-01
   8.9217E-07   7.9900E-01
   8.9632E-07   8.0000E-01
   9.0051E-07   8.0100E-01
   9.0472E-07   8.0200E-01
   9.0896E-07   8.0300E-01
   9.1324E-07   8.0400E-01
   9.1754E-07   8.0500E-01
   9.2188E-07   8.0600E-01
   9.2625E-07   8.0700E-01
   9.3065E-07   8.0800E-01
   9.3508E-07   8.0900E-01
   9.3954E-07   8.1000E-01
   9.4404E-07   8.1100E-01
   9.4857E-07   8.1200E-01
   9.5314E-07   8.1300E-01
   9.5774E-07   8.1400E-01
   9.6238E-07   8.1500E-01
   9.6705E-07   8.1600E-01
   9.7175E-07   8.1700E-01
   9.7650E-07   8.1800E-01
   9.8127E-07   8.1900E-01
   9.8609E-07   8.2000E-01
   9.9094E-07   8.2100E-01
   9.9584E-07   8.2200E-01
   1.0008E-06   8.2300E-01
   1.0057E-06   8.2400E-01
   1.0107E-06   8.2500E-01
   1.0158E-06   8.2600E-01
   1.0209E-06   8.2700E-01
   1.0260E-06   8.2800E-01
   1.0312E-06   8.2900E-01
   1.0364E-06   8.3000E-01
   1.0417E-06   8.3100E-01
   1.0470E-06   8.3200E-01
   1.0523E-06   8.3300E-01
   1.0577E-06   8.3400E-01
   1.0631E-06   8.3500E-01
   1.0686E-06   8.3600E-01
   1.0742E-06   8.3700E-01
   1.0797E-06   8.3800E-01
   1.0854E-06   8.3900E-01
   1.0910E-06   8.4000E-01
   1.0968E-06   8.4100E-01
   1.1025E-06   8.4200E-01
   1.1084E-06   8.4300E-01
   1.1142E-06   8.4400E-01
   1.1202E-06   8.4500E-01
   1.1261E-06   8.4600E-01
   1.1322E-06   8.4700E-01
   1.1383E-06   8.4800E-01
   1.1444E-06   8.4900E-01
   1.1506E-06   8.5000E-01
   1.1569E-06   8.5100E-01
   1.1632E-06   8.5200E-01
   1.1696E-06   8.5300E-01
   1.1760E-06   8.5400E-01
   1.1825E-06   8.5500E-01
   1.1891E-06   8.5600E-01
   1.1957E-06   8.5700E-01
   1.2024E-06   8.5800E-01
   1.2091E-06   8.5900E-01
   1.2159E-06   8.6000E-01
   1.2228E-06   8.6100E-01
   1.2298E-06   8.6200E-01
   1.2368E-06   8.6300E-01
   1.2439E-06   8.6400E-01
   1.2510E-06   8.6500E-01
   1.2583E-06   8.6600E-01
   1.2656E-06   8.6700E-01
   1.2730E-06   8.6800E-01
   1.2805E-06   8.6900E-01
   1.2880E-06   8.7000E-01
   1.2956E-06   8.7100E-01
   1.3033E-06   8.7200E-01
   1.3111E-06   8.7300E-01
   1.3190E-06   8.7400E-01
   1.3269E-06   8.7500E-01
   1.3350E-06   8.7600E-01
   1.3431E-06   8.7700E-01
   1.3513E-06   8.7800E-01
   1.3596E-06   8.7900E-01
   1.3680E-06   8.8000E-01
   1.3766E-06   8.8100E-01
   1.3852E-06   8.8200E-01
   1.3939E-06   8.8300E-01
   1.4027E-06   8.8400E-01
   1.4116E-06   8.8500E-01
   1.4206E-06   8.8600E-01
   1.4297E-06   8.8700E-01
   1.4389E-06   8.8800E-01
   1.4483E-06   8.8900E-01
   1.4577E-06   8.9000E-01
   1.4673E-06   8.9100E-01
   1.4770E-06   8.9200E-01
   1.4868E-06   8.9300E-01
   1.4967E-06   8.9400E-01
   1.5068E-06   8.9500E-01
   1.5170E-06   8.9600E-01
   1.5273E-06   8.9700E-01
   1.5378E-06   8.9800E-01
   1.5484E-06   8.9900E-01
   1.5591E-06   9.0000E-01
   1.5700E-06   9.0100E-01
   1.5810E-06   9.0200E-01
   1.5922E-06   9.0300E-01
   1.6035E-06   9.0400E-01
   1.6151E-06   9.0500E-01
   1.6267E-06   9.0600E-01
   1.6385E-06   9.0700E-01
   1.6505E-06   9.0800E-01
   1.6627E-06   9.0900E-01
   1.6751E-06   9.1000E-01
   1.6876E-06   9.1100E-01
   1.7004E-06   9.1200E-01
   1.7133E-06   9.1300E-01
   1.7264E-06   9.1400E-01
   1.7397E-06   9.1500E-01
   1.7533E-06   9.1600E-01
   1.7670E-06   9.1700E-01
   1.7810E-06   9.1800E-01
   1.7952E-06   9.1900E-01
   1.8096E-06   9.2000E-01
   1.8243E-06   9.2100E-01
   1.8392E-06   9.2200E-01
   1.8544E-06   9.2300E-01
   1.8699E-06   9.2400E-01
   1.8856E-06   9.2500E-01
   1.9016E-06   9.2600E-01
   1.9178E-06   9.2700E-01
   1.9344E-06   9.2800E-01
   1.9513E-06   9.2900E-01
   1.9685E-06   9.3000E-01
   1.9860E-06   9.3100E-01
   2.0039E-06   9.3200E-01
   2.0221E-06   9.3300E-01
   2.0406E-06   9.3400E-01
   2.0596E-06   9.3500E-01
   2.0789E-06   9.3600E-01
   2.0986E-06   9.3700E-01
   2.1187E-06   9.3800E-01
   2.1393E-06   9.3900E-01
   2.1603E-06   9.4000E-01
   2.1818E-06   9.4100E-01
   2.2037E-06   9.4200E-01
   2.2262E-06   9.4300E-01
   2.2491E-06   9.4400E-01
   2.2726E-06   9.4500E-01
   2.2967E-06   9.4600E-01
   2.3213E-06   9.4700E-01
   2.3465E-06   9.4800E-01
   2.3724E-06   9.4900E-01
   2.3990E-06   9.5000E-01
   2.4262E-06   9.5100E-01
   2.4542E-06   9.5200E-01
   2.4829E-06   9.5300E-01
   2.5124E-06   9.5400E-01
   2.5428E-06   9.5500E-01
   2.5740E-06   9.5600E-01
   2.6062E-06   9.5700E-01
   2.6393E-06   9.5800E-01
   2.6734E-06   9.5900E-01
   2.7087E-06   9.6000E-01
   2.7450E-06   9.6100E-01
   2.7826E-06   9.6200E-01
   2.8215E-06   9.6300E-01
   2.8617E-06   9.6400E-01
   2.9033E-06   9.6500E-01
   2.9465E-06   9.6600E-01
   2.9914E-06   9.6700E-01
   3.0379E-06   9.6800E-01
   3.0864E-06   9.6900E-01
   3.1368E-06   9.7000E-01
   3.1894E-06   9.7100E-01
   3.2444E-06   9.7200E-01
   3.3018E-06   9.7300E-01
   3.3620E-06   9.7400E-01
   3.4251E-06   9.7500E-01
   3.4914E-06   9.7600E-01
   3.5613E-06   9.7700E-01
   3.6350E-06   9.7800E-01
   3.7130E-06   9.7900E-01
   3.7957E-06   9.8000E-01
   3.8837E-06   9.8100E-01
   3.9775E-06   9.8200E-01
   4.0779E-06   9.8300E-01
   4.1858E-06   9.8400E-01
   4.3022E-06   9.8500E-01
   4.4284E-06   9.8600E-01
   4.5659E-06   9.8700E-01
   4.7168E-06   9.8800E-01
   4.8834E-06   9.8900E-01
   5.0690E-06   9.9000E-01
   5.2779E-06   9.9100E-01
   5.5158E-06   9.9200E-01
   5.7909E-06   9.9300E-01
   6.1151E-06   9.9400E-01
   6.5069E-06   9.9500E-01
   6.9967E-06   9.9600E-01
   7.6402E-06   9.9700E-01
   8.5557E-06   9.9800E-01
   1.0067E-05   9.9900E-01
   1.3846E-05   1.0000E+00
