#S1SEISMIC-1 0.15                      3.692E-04   4.024E-04   4.057E-04   3.970E-04
#S1SEISMIC-1 0.3                       8.881E-06   3.487E-05   5.503E-05   3.375E-05
#S1SEISMIC-1 0.5                       4.741E-09   2.973E-07   3.072E-06   7.304E-07
#S1SEISMIC-1 0.7                       3.072E-13   1.870E-10   1.791E-08   4.150E-09
#S1SEISMIC-1 0.9                       1.255E-17   3.997E-14   3.220E-11   1.252E-11
#S1SEISMIC-2 0.15                      5.144E-08   2.964E-06   3.612E-05   8.566E-06
#S1SEISMIC-2 0.3                       4.613E-06   2.490E-05   5.034E-05   2.575E-05
#S1SEISMIC-2 0.5                       3.716E-06   8.326E-06   1.069E-05   7.874E-06
#S1SEISMIC-2 0.7                       1.191E-07   8.110E-07   1.905E-06   8.776E-07
#S1SEISMIC-2 0.9                       1.046E-09   4.142E-08   2.656E-07   7.391E-08
#S1SEISMIC-3 0.15                      3.815E-18   3.539E-14   2.090E-11   1.035E-11
#S1SEISMIC-3 0.3                       5.349E-15   4.170E-12   3.691E-10   8.687E-11
#S1SEISMIC-3 0.5                       1.034E-13   2.148E-11   4.643E-10   1.064E-10
#S1SEISMIC-3 0.7                       1.297E-13   1.214E-11   1.563E-10   3.887E-11
#S1SEISMIC-3 0.9                       1.897E-14   1.751E-12   3.040E-11   6.299E-12
#S1SEISMIC-4 0.15                      1.148E-20   2.063E-15   2.712E-11   6.370E-11
#S1SEISMIC-4 0.3                       1.898E-15   1.794E-11   1.650E-08   6.538E-09
#S1SEISMIC-4 0.5                       6.296E-13   9.178E-10   1.465E-07   3.239E-08
#S1SEISMIC-4 0.7                       5.195E-12   2.762E-09   1.434E-07   2.618E-08
#S1SEISMIC-4 0.9                       4.029E-12   1.197E-09   3.765E-08   7.900E-09
#S1SEISMIC-5 0.15                      1.543E-13   6.176E-10   2.435E-07   7.913E-08
#S1SEISMIC-5 0.3                       1.689E-10   6.900E-08   3.323E-06   6.758E-07
#S1SEISMIC-5 0.5                       3.569E-09   3.086E-07   3.674E-06   8.511E-07
#S1SEISMIC-5 0.7                       5.695E-09   1.976E-07   1.160E-06   3.431E-07
#S1SEISMIC-5 0.9                       1.382E-09   3.901E-08   2.894E-07   7.686E-08
#S1SEISMIC-6 0.15                      1.198E-10   7.555E-09   3.813E-07   1.084E-07
#S1SEISMIC-6 0.3                       2.856E-08   3.779E-07   4.846E-06   1.156E-06
#S1SEISMIC-6 0.5                       1.834E-07   1.499E-06   5.903E-06   2.042E-06
#S1SEISMIC-6 0.7                       4.077E-07   1.486E-06   2.465E-06   1.468E-06
#S1SEISMIC-6 0.9                       5.663E-07   9.503E-07   1.052E-06   9.002E-07
